local e=
{
ByIdx={
{1,{{3100010,3100012,0,3100013,3100014,3100011},{3100017,0,3100015,3100016,3100018,3100019},{3100020,3100022,3100021,3100023,0,3100024},{3100030,3100032,0,3100031,3100033,3100034},{3100035,3100037,0,3100036,3100038,3100039}},"Robots_name1",2},
{2,{{3100017,0,3100015,3100016,3100018,3100019},{3100020,3100022,3100021,3100023,0,3100024},{3100030,3100032,0,3100031,3100033,3100034},{3100035,3100037,0,3100036,3100038,3100039},{3100010,3100012,0,3100013,3100014,3100011}},"Robots_name2",2},
{3,{{3100020,3100022,3100021,3100023,0,3100024},{3100030,3100032,0,3100031,3100033,3100034},{3100035,3100037,0,3100036,3100038,3100039},{3100010,3100012,0,3100013,3100014,3100011},{3100017,0,3100015,3100016,3100018,3100019}},"Robots_name3",2},
{4,{{3100030,3100032,0,3100031,3100033,3100034},{3100035,3100037,0,3100036,3100038,3100039},{3100010,3100012,0,3100013,3100014,3100011},{3100017,0,3100015,3100016,3100018,3100019},{3100020,3100022,3100021,3100023,0,3100024}},"Robots_name4",2},
{5,{{3100035,3100037,0,3100036,3100038,3100039},{3100010,3100012,0,3100013,3100014,3100011},{3100017,0,3100015,3100016,3100018,3100019},{3100020,3100022,3100021,3100023,0,3100024},{3100030,3100032,0,3100031,3100033,3100034}},"Robots_name5",2}
},
Len=5
}
return e 
